"Depth" "Time"
0              0.0
100            0.09
200            0.05
300            0.03333333333333333
400            0.025
500            0.02
600            0.016666666666666666
700            0.014285714285714285
800            0.0125
900            0.011111111111111112
1000           0.01
1100           0.00909090909090909
1200           0.008333333333333333
1300           0.007692307692307693
1400           0.007142857142857143
1500           0.006666666666666667
1600           0.006875
1700           0.006470588235294118
1800           0.006111111111111111
1900           0.005789473684210527
2000           0.0055
2100           0.005238095238095238
2200           0.005
2300           0.004782608695652174
2400           0.004583333333333333
2500           0.0044
2600           0.004230769230769231
2700           0.004074074074074074
2800           0.003928571428571429
2900           0.003793103448275862
3000           0.0036666666666666666
3100           0.0035483870967741938
3200           0.0034375
3300           0.0033333333333333335
3400           0.003235294117647059
3500           0.003142857142857143
3600           0.0030555555555555557
3700           0.003243243243243243
3800           0.003157894736842105
3900           0.003076923076923077
4000           0.003
4100           0.002926829268292683
4200           0.002857142857142857
4300           0.0027906976744186047
4400           0.0027272727272727275
4500           0.0026666666666666666
4600           0.0026086956521739132
4700           0.002553191489361702
4800           0.0025
4900           0.0024489795918367346
5000           0.0024
5100           0.002352941176470588
5200           0.002307692307692308
5300           0.0022641509433962265
5400           0.0022222222222222222
5500           0.002181818181818182
5600           0.002142857142857143
5700           0.0022807017543859647
5800           0.0022413793103448275
5900           0.0022033898305084745
6000           0.0021666666666666666