"Depth" "Time"
0              0.0
100            0.11
200            0.06
300            0.04
400            0.03
500            0.024
600            0.02
700            0.017142857142857144
800            0.015
900            0.013333333333333334
1000           0.012
1100           0.01090909090909091
1200           0.01
1300           0.009230769230769232
1400           0.008571428571428572
1500           0.008
1600           0.0075
1700           0.007058823529411765
1800           0.006666666666666667
1900           0.00631578947368421
2000           0.006
2100           0.005714285714285714
2200           0.005454545454545455
2300           0.005652173913043478
2400           0.005416666666666667
2500           0.0052
2600           0.005
2700           0.004814814814814815
2800           0.004642857142857143
2900           0.004482758620689655
3000           0.004333333333333333
3100           0.004193548387096774
3200           0.0040625
3300           0.00393939393939394
3400           0.003823529411764706
3500           0.0037142857142857142
3600           0.003611111111111111
3700           0.0035135135135135136
3800           0.0034210526315789475
3900           0.0033333333333333335
4000           0.00325
4100           0.0031707317073170734
4200           0.0030952380952380953
4300           0.0030232558139534882
4400           0.0029545454545454545
4500           0.0028888888888888888
4600           0.003043478260869565
4700           0.0029787234042553193
4800           0.002916666666666667
4900           0.002857142857142857
5000           0.0028
5100           0.0027450980392156863
5200           0.002692307692307692
5300           0.0026415094339622643
5400           0.0025925925925925925
5500           0.0025454545454545456
5600           0.0025
5700           0.002456140350877193
5800           0.002413793103448276
5900           0.0023728813559322033
6000           0.0023333333333333335
6100           0.0022950819672131148
6200           0.0022580645161290325
6300           0.0022222222222222222
6400           0.00234375
6500           0.002307692307692308
6600           0.0022727272727272726
6700           0.002238805970149254
6800           0.0022058823529411764
6900           0.002173913043478261
7000           0.002142857142857143
7100           0.002112676056338028
7200           0.0020833333333333333
7300           0.002054794520547945
7400           0.002027027027027027
7500           0.002
7600           0.001973684210526316
7700           0.001948051948051948
7800           0.0019230769230769232
7900           0.0018987341772151898
8000           0.001875
8100           0.001851851851851852
8200           0.001829268292682927
8300           0.0018072289156626507
8400           0.0017857142857142857
8500           0.0017647058823529412
8600           0.0017441860465116279
8700           0.0017241379310344827
8800           0.0017045454545454545
8900           0.0016853932584269663
9000           0.0016666666666666668
9100           0.0016483516483516484
9200           0.0016304347826086956
9300           0.0016129032258064516
9400           0.0015957446808510637
9500           0.0015789473684210526
9600           0.0015625
9700           0.0015463917525773195
9800           0.001530612244897959
9900           0.0015151515151515152
10000          0.0015
10100          0.0014851485148514852
10200          0.0014705882352941176
10300          0.0014563106796116505
10400          0.0014423076923076924
10500          0.0014285714285714286
10600          0.0015094339622641509
10700          0.0014953271028037382
10800          0.0014814814814814814
10900          0.0014678899082568807
11000          0.0014545454545454545
11100          0.0014414414414414415
11200          0.0014285714285714286
11300          0.001415929203539823
11400          0.0014035087719298245
11500          0.001391304347826087
11600          0.001379310344827586
11700          0.0013675213675213675
11800          0.0013559322033898306
11900          0.0013445378151260505
12000          0.0013333333333333333
12100          0.001322314049586777
12200          0.0013114754098360656
12300          0.0013008130081300813
12400          0.0012903225806451613
12500          0.00128
12600          0.0012698412698412698
12700          0.0012598425196850393
12800          0.001328125
12900          0.001317829457364341
13000          0.0013076923076923077
13100          0.0012977099236641222
13200          0.001287878787878788
13300          0.0012781954887218045
13400          0.0012686567164179104
13500          0.0012592592592592592
13600          0.00125
13700          0.0012408759124087592
13800          0.0012318840579710144
13900          0.001223021582733813
14000          0.0012142857142857142
14100          0.0012056737588652482
14200          0.0011971830985915493
14300          0.0011888111888111888
14400          0.0011805555555555556