"Depth" "Time"
0              0.0
100            0.11
200            0.06
300            0.04
400            0.03
500            0.024
600            0.02
700            0.017142857142857144
800            0.015
900            0.013333333333333334
1000           0.012
1100           0.01090909090909091
1200           0.01
1300           0.009230769230769232
1400           0.008571428571428572
1500           0.008
1600           0.0075
1700           0.007058823529411765
1800           0.006666666666666667
1900           0.00631578947368421
2000           0.006
2100           0.005714285714285714
2200           0.005454545454545455
2300           0.0052173913043478265
2400           0.005
2500           0.0048
2600           0.004615384615384616
2700           0.004814814814814815
2800           0.004642857142857143
2900           0.004482758620689655
3000           0.004333333333333333
3100           0.004193548387096774
3200           0.0040625