"Iteration" "Average Array Creation Time (ms)"
100          0.32
200          0.295
300          0.29
400          0.255
500          0.26
600          0.2683333333333333
700          0.2914285714285714
800          0.265
900          0.27666666666666667
1000         0.255
1100         0.2581818181818182
1200         0.24166666666666667
1300         0.22692307692307692
1400         0.2814285714285714
1500         0.2926666666666667
1600         0.295
1700         0.30823529411764705
1800         0.29388888888888887
1900         0.28421052631578947
2000         0.28
2100         0.2976190476190476
2200         0.28909090909090907
2300         0.27956521739130435
2400         0.2708333333333333
2500         0.2868
2600         0.28076923076923077
2700         0.2733333333333333
2800         0.2675
2900         0.2617241379310345
3000         0.27266666666666667
3100         0.2735483870967742
3200         0.2746875
3300         0.27484848484848484
3400         0.2761764705882353
3500         0.2765714285714286
3600         0.2941666666666667
3700         0.2881081081081081
3800         0.2818421052631579
3900         0.27589743589743587
4000         0.271
4100         0.2658536585365854
4200         0.2621428571428571
4300         0.2811627906976744
4400         0.2772727272727273
4500         0.2737777777777778
4600         0.2697826086956522
4700         0.2653191489361702
4800         0.26125
4900         0.2571428571428571
5000         0.2676
5100         0.26450980392156864
5200         0.26076923076923075
5300         0.2579245283018868
5400         0.2548148148148148
5500         0.252
5600         0.2621428571428571
5700         0.26263157894736844
5800         0.26241379310344826
5900         0.2620338983050847
6000         0.2628333333333333
6100         0.2644262295081967
6200         0.2661290322580645
6300         0.5111111111111111
6400         0.50484375
6500         0.49876923076923074
6600         0.49348484848484847
6700         0.5004477611940299
6800         0.4979411764705882
6900         0.5057971014492754
7000         0.5027142857142857
7100         0.5047887323943662
7200         0.4984722222222222
7300         0.49410958904109586
7400         0.4912162162162162
7500         0.4952
7600         0.4892105263157895
7700         0.4838961038961039
7800         0.4791025641025641
7900         0.48455696202531645
8000         0.479125
8100         0.47382716049382717
8200         0.4686585365853659
8300         0.4637349397590361
8400         0.47333333333333333
8500         0.46858823529411764
8600         0.46430232558139534
8700         0.4596551724137931
8800         0.46204545454545454
8900         0.45808988764044944
9000         0.4538888888888889
9100         0.45
9200         0.4457608695652174
9300         0.44408602150537635
9400         0.4402127659574468
9500         0.4363157894736842
9600         0.4323958333333333
9700         0.4384536082474227
9800         0.43459183673469387
9900         0.4307070707070707
10000        0.4296
10100        0.429009900990099
10200        0.4280392156862745
